%YAML:1.0
features:
  - {x:0.4,   y:0.5,  z:-1.2,  yaw:0.0}
  - {x:0.4,   y:1.5,  z:-1.2,  yaw:0.0}
  - {x:1.2,   y:1.5,  z:-1.2,  yaw:0.0}
  - {x:1.2,   y:0.5,  z:-1.2,  yaw:0.0}
