%YAML:1.0
features:
  - {x:1.9,   y:1.5,  z:-1.2,  yaw:0.0}
  - {x:1.5,   y:1.5,  z:-1.5,  yaw:0.0}
  - {x:1.9,   y:1.9,  z:-1.2,  yaw:0.0}
  - {x:1.5,   y:1.5,  z:-1.5,  yaw:0.0}